(kicad_pcb (version 20171130) (host pcbnew 5.1.10-88a1d61d58~90~ubuntu20.04.1)

  (general
    (thickness 1.6)
    (drawings 7)
    (tracks 0)
    (zones 0)
    (modules 10)
    (nets 31)
  )

  (page A4)
  (layers
    (0 F.Cu signal)
    (31 B.Cu signal)
    (33 F.Adhes user)
    (35 F.Paste user)
    (37 F.SilkS user)
    (38 B.Mask user)
    (39 F.Mask user)
    (40 Dwgs.User user)
    (41 Cmts.User user)
    (42 Eco1.User user)
    (43 Eco2.User user)
    (44 Edge.Cuts user)
    (45 Margin user)
    (46 B.CrtYd user)
    (47 F.CrtYd user)
    (49 F.Fab user)
  )

  (setup
    (last_trace_width 0.25)
    (trace_clearance 0.2)
    (zone_clearance 0.508)
    (zone_45_only no)
    (trace_min 0.2)
    (via_size 0.8)
    (via_drill 0.4)
    (via_min_size 0.4)
    (via_min_drill 0.3)
    (uvia_size 0.3)
    (uvia_drill 0.1)
    (uvias_allowed no)
    (uvia_min_size 0.2)
    (uvia_min_drill 0.1)
    (edge_width 0.15)
    (segment_width 0.2)
    (pcb_text_width 0.3)
    (pcb_text_size 1.5 1.5)
    (mod_edge_width 0.15)
    (mod_text_size 1 1)
    (mod_text_width 0.15)
    (pad_size 1.524 1.524)
    (pad_drill 0.762)
    (pad_to_mask_clearance 0.2)
    (aux_axis_origin 0 0)
    (grid_origin 55 145)
    (visible_elements FFFFFF7F)
    (pcbplotparams
      (layerselection 0x00030_ffffffff)
      (usegerberextensions false)
      (usegerberattributes true)
      (usegerberadvancedattributes true)
      (creategerberjobfile true)
      (excludeedgelayer true)
      (linewidth 0.100000)
      (plotframeref false)
      (viasonmask false)
      (mode 1)
      (useauxorigin false)
      (hpglpennumber 1)
      (hpglpenspeed 20)
      (hpglpendiameter 15.000000)
      (psnegative false)
      (psa4output false)
      (plotreference true)
      (plotvalue true)
      (plotinvisibletext false)
      (padsonsilk false)
      (subtractmaskfromsilk false)
      (outputformat 1)
      (mirror false)
      (drillshape 0)
      (scaleselection 1)
      (outputdirectory ""))
  )

  (net 0 "")
  (net 1 "Net-(ADC301-Pad1)")
  (net 2 "Net-(ADC301-Pad2)")
  (net 3 GND)
  (net 4 "Net-(ADC301-Pad4)")
  (net 5 "Net-(ADC301-Pad5)")
  (net 6 "Net-(ADC301-Pad6)")
  (net 7 "Net-(ADC301-Pad7)")
  (net 8 VCC)
  (net 9 "Net-(ADC301-Pad9)")
  (net 10 "Net-(ADC301-Pad10)")
  (net 11 "Net-(Display301-Pad3)")
  (net 12 "Net-(Display301-Pad4)")
  (net 13 "Net-(Display301-Pad5)")
  (net 14 "Net-(Display301-Pad6)")
  (net 15 "Net-(Display301-Pad7)")
  (net 16 "Net-(Display301-Pad8)")
  (net 17 "Net-(Display301-Pad9)")
  (net 18 "Net-(Display301-Pad10)")
  (net 19 "Net-(Display301-Pad11)")
  (net 20 "Net-(Display301-Pad12)")
  (net 21 "Net-(Display301-Pad13)")
  (net 22 "Net-(Display301-Pad14)")
  (net 23 "Net-(IOExt301-Pad4)")
  (net 24 "Net-(IOExt301-Pad5)")
  (net 25 "Net-(IOExt301-Pad6)")
  (net 26 "Net-(IOExt301-Pad7)")
  (net 27 "Net-(IOExt301-Pad9)")
  (net 28 "Net-(IOExt301-Pad10)")
  (net 29 "Net-(IOExt301-Pad11)")
  (net 30 "Net-(IOExt301-Pad12)")

  (net_class Default "This is the default net class."
    (clearance 0.2)
    (trace_width 0.25)
    (via_dia 0.8)
    (via_drill 0.4)
    (uvia_dia 0.3)
    (uvia_drill 0.1)
    (add_net GND)
    (add_net "Net-(ADC301-Pad1)")
    (add_net "Net-(ADC301-Pad10)")
    (add_net "Net-(ADC301-Pad2)")
    (add_net "Net-(ADC301-Pad4)")
    (add_net "Net-(ADC301-Pad5)")
    (add_net "Net-(ADC301-Pad6)")
    (add_net "Net-(ADC301-Pad7)")
    (add_net "Net-(ADC301-Pad9)")
    (add_net "Net-(Display301-Pad10)")
    (add_net "Net-(Display301-Pad11)")
    (add_net "Net-(Display301-Pad12)")
    (add_net "Net-(Display301-Pad13)")
    (add_net "Net-(Display301-Pad14)")
    (add_net "Net-(Display301-Pad3)")
    (add_net "Net-(Display301-Pad4)")
    (add_net "Net-(Display301-Pad5)")
    (add_net "Net-(Display301-Pad6)")
    (add_net "Net-(Display301-Pad7)")
    (add_net "Net-(Display301-Pad8)")
    (add_net "Net-(Display301-Pad9)")
    (add_net "Net-(IOExt301-Pad10)")
    (add_net "Net-(IOExt301-Pad11)")
    (add_net "Net-(IOExt301-Pad12)")
    (add_net "Net-(IOExt301-Pad4)")
    (add_net "Net-(IOExt301-Pad5)")
    (add_net "Net-(IOExt301-Pad6)")
    (add_net "Net-(IOExt301-Pad7)")
    (add_net "Net-(IOExt301-Pad9)")
    (add_net VCC)
  )

  (module Package_SO:TSSOP-10_3x3mm_P0.5mm (layer F.Cu) (tedit 5F3E4A84) (tstamp 610E9AD3)
    (at 67.31 101.82)
    (descr "TSSOP10: plastic thin shrink small outline package; 10 leads; body width 3 mm; (see NXP SSOP-TSSOP-VSO-REFLOW.pdf and sot552-1_po.pdf)")
    (tags "SSOP 0.5")
    (path /611353D7/611115DA)
    (attr smd)
    (fp_text reference ADC301 (at 0 -2.55) (layer F.SilkS)
      (effects (font (size 1 1) (thickness 0.15)))
    )
    (fp_text value ADS1115IDGS (at 0 2.55) (layer F.Fab)
      (effects (font (size 1 1) (thickness 0.15)))
    )
    (fp_line (start -1.625 -1.45) (end -2.7 -1.45) (layer F.SilkS) (width 0.15))
    (fp_line (start -1.625 1.625) (end 1.625 1.625) (layer F.SilkS) (width 0.15))
    (fp_line (start -1.625 -1.625) (end 1.625 -1.625) (layer F.SilkS) (width 0.15))
    (fp_line (start -1.625 1.625) (end -1.625 1.35) (layer F.SilkS) (width 0.15))
    (fp_line (start 1.625 1.625) (end 1.625 1.35) (layer F.SilkS) (width 0.15))
    (fp_line (start 1.625 -1.625) (end 1.625 -1.35) (layer F.SilkS) (width 0.15))
    (fp_line (start -1.625 -1.625) (end -1.625 -1.45) (layer F.SilkS) (width 0.15))
    (fp_line (start -2.95 1.8) (end 2.95 1.8) (layer F.CrtYd) (width 0.05))
    (fp_line (start -2.95 -1.8) (end 2.95 -1.8) (layer F.CrtYd) (width 0.05))
    (fp_line (start 2.95 -1.8) (end 2.95 1.8) (layer F.CrtYd) (width 0.05))
    (fp_line (start -2.95 -1.8) (end -2.95 1.8) (layer F.CrtYd) (width 0.05))
    (fp_line (start -1.5 -0.5) (end -0.5 -1.5) (layer F.Fab) (width 0.1))
    (fp_line (start -1.5 1.5) (end -1.5 -0.5) (layer F.Fab) (width 0.1))
    (fp_line (start 1.5 1.5) (end -1.5 1.5) (layer F.Fab) (width 0.1))
    (fp_line (start 1.5 -1.5) (end 1.5 1.5) (layer F.Fab) (width 0.1))
    (fp_line (start -0.5 -1.5) (end 1.5 -1.5) (layer F.Fab) (width 0.1))
    (fp_text user %R (at 0 0) (layer F.Fab)
      (effects (font (size 0.6 0.6) (thickness 0.1)))
    )
    (pad 1 smd rect (at -2.15 -1) (size 1.1 0.25) (layers F.Cu F.Paste F.Mask)
      (net 1 "Net-(ADC301-Pad1)"))
    (pad 2 smd rect (at -2.15 -0.5) (size 1.1 0.25) (layers F.Cu F.Paste F.Mask)
      (net 2 "Net-(ADC301-Pad2)"))
    (pad 3 smd rect (at -2.15 0) (size 1.1 0.25) (layers F.Cu F.Paste F.Mask)
      (net 3 GND))
    (pad 4 smd rect (at -2.15 0.5) (size 1.1 0.25) (layers F.Cu F.Paste F.Mask)
      (net 4 "Net-(ADC301-Pad4)"))
    (pad 5 smd rect (at -2.15 1) (size 1.1 0.25) (layers F.Cu F.Paste F.Mask)
      (net 5 "Net-(ADC301-Pad5)"))
    (pad 6 smd rect (at 2.15 1) (size 1.1 0.25) (layers F.Cu F.Paste F.Mask)
      (net 6 "Net-(ADC301-Pad6)"))
    (pad 7 smd rect (at 2.15 0.5) (size 1.1 0.25) (layers F.Cu F.Paste F.Mask)
      (net 7 "Net-(ADC301-Pad7)"))
    (pad 8 smd rect (at 2.15 0) (size 1.1 0.25) (layers F.Cu F.Paste F.Mask)
      (net 8 VCC))
    (pad 9 smd rect (at 2.15 -0.5) (size 1.1 0.25) (layers F.Cu F.Paste F.Mask)
      (net 9 "Net-(ADC301-Pad9)"))
    (pad 10 smd rect (at 2.15 -1) (size 1.1 0.25) (layers F.Cu F.Paste F.Mask)
      (net 10 "Net-(ADC301-Pad10)"))
    (model ${KISYS3DMOD}/Package_SO.3dshapes/TSSOP-10_3x3mm_P0.5mm.wrl
      (at (xyz 0 0 0))
      (scale (xyz 1 1 1))
      (rotate (xyz 0 0 0))
    )
  )

  (module Display:CR2013-MI2120 (layer F.Cu) (tedit 5A02FE80) (tstamp 610E9AFE)
    (at 104.53 84.04)
    (descr "CR2013-MI2120 ILI9341 LCD Breakout http://pan.baidu.com/s/11Y990")
    (tags "CR2013-MI2120 ILI9341 LCD Breakout")
    (path /611353D7/61111607)
    (fp_text reference Display301 (at 0.59 -11.18) (layer F.SilkS)
      (effects (font (size 1 1) (thickness 0.15)))
    )
    (fp_text value CR2013-MI2120 (at 4.66 31.47) (layer F.Fab)
      (effects (font (size 1 1) (thickness 0.15)))
    )
    (fp_line (start 6 -8) (end 58 -8) (layer F.SilkS) (width 0.12))
    (fp_line (start 58 -8) (end 58 28) (layer F.SilkS) (width 0.12))
    (fp_line (start 58 28) (end 6 28) (layer F.SilkS) (width 0.12))
    (fp_line (start 6 28) (end 6 -8) (layer F.SilkS) (width 0.12))
    (fp_line (start -1.5 1) (end -0.5 0) (layer F.Fab) (width 0.1))
    (fp_line (start -0.5 0) (end -1.5 -1) (layer F.Fab) (width 0.1))
    (fp_line (start -1.5 -1) (end -1.5 -9.89) (layer F.Fab) (width 0.1))
    (fp_line (start -2 -3) (end -2 2) (layer F.SilkS) (width 0.12))
    (fp_line (start -1.75 -10.14) (end 65.95 -10.14) (layer F.CrtYd) (width 0.05))
    (fp_line (start 65.95 -10.14) (end 65.95 30.46) (layer F.CrtYd) (width 0.05))
    (fp_line (start 65.95 30.46) (end -1.75 30.46) (layer F.CrtYd) (width 0.05))
    (fp_line (start -1.75 30.46) (end -1.75 -10.14) (layer F.CrtYd) (width 0.05))
    (fp_line (start -1.62 -10.01) (end 65.82 -10.01) (layer F.SilkS) (width 0.12))
    (fp_line (start 65.82 -10.01) (end 65.82 30.33) (layer F.SilkS) (width 0.12))
    (fp_line (start 65.82 30.33) (end -1.62 30.33) (layer F.SilkS) (width 0.12))
    (fp_line (start -1.62 30.33) (end -1.62 -10.01) (layer F.SilkS) (width 0.12))
    (fp_line (start -1.5 -9.89) (end 65.7 -9.89) (layer F.Fab) (width 0.1))
    (fp_line (start 65.7 -9.89) (end 65.7 30.21) (layer F.Fab) (width 0.1))
    (fp_line (start 65.7 30.21) (end -1.5 30.21) (layer F.Fab) (width 0.1))
    (fp_line (start -1.5 30.21) (end -1.5 1) (layer F.Fab) (width 0.1))
    (fp_text user %R (at 31.58 9.55) (layer F.Fab)
      (effects (font (size 1 1) (thickness 0.15)))
    )
    (pad 1 thru_hole rect (at 0 0) (size 1.5 1.5) (drill 1) (layers *.Cu *.Mask)
      (net 8 VCC))
    (pad 2 thru_hole circle (at 0 2.54) (size 1.5 1.5) (drill 1) (layers *.Cu *.Mask)
      (net 3 GND))
    (pad 3 thru_hole circle (at 0 5.08) (size 1.5 1.5) (drill 1) (layers *.Cu *.Mask)
      (net 11 "Net-(Display301-Pad3)"))
    (pad 4 thru_hole circle (at 0 7.62) (size 1.5 1.5) (drill 1) (layers *.Cu *.Mask)
      (net 12 "Net-(Display301-Pad4)"))
    (pad 5 thru_hole circle (at 0 10.16) (size 1.5 1.5) (drill 1) (layers *.Cu *.Mask)
      (net 13 "Net-(Display301-Pad5)"))
    (pad 6 thru_hole circle (at 0 12.7) (size 1.5 1.5) (drill 1) (layers *.Cu *.Mask)
      (net 14 "Net-(Display301-Pad6)"))
    (pad 7 thru_hole circle (at 0 15.24) (size 1.5 1.5) (drill 1) (layers *.Cu *.Mask)
      (net 15 "Net-(Display301-Pad7)"))
    (pad 8 thru_hole circle (at 0 17.78) (size 1.5 1.5) (drill 1) (layers *.Cu *.Mask)
      (net 16 "Net-(Display301-Pad8)"))
    (pad 9 thru_hole circle (at 0 20.32) (size 1.5 1.5) (drill 1) (layers *.Cu *.Mask)
      (net 17 "Net-(Display301-Pad9)"))
    (pad 10 thru_hole circle (at 63.52 5.08) (size 1.5 1.5) (drill 1) (layers *.Cu *.Mask)
      (net 18 "Net-(Display301-Pad10)"))
    (pad 11 thru_hole circle (at 63.52 7.62) (size 1.5 1.5) (drill 1) (layers *.Cu *.Mask)
      (net 19 "Net-(Display301-Pad11)"))
    (pad 12 thru_hole circle (at 63.52 10.16) (size 1.5 1.5) (drill 1) (layers *.Cu *.Mask)
      (net 20 "Net-(Display301-Pad12)"))
    (pad 13 thru_hole circle (at 63.52 12.7) (size 1.5 1.5) (drill 1) (layers *.Cu *.Mask)
      (net 21 "Net-(Display301-Pad13)"))
    (pad 14 thru_hole circle (at 63.52 15.24) (size 1.5 1.5) (drill 1) (layers *.Cu *.Mask)
      (net 22 "Net-(Display301-Pad14)"))
    (pad "" thru_hole circle (at 1.5 -6.89) (size 4 4) (drill 2.7) (layers *.Cu *.Mask))
    (pad "" thru_hole circle (at 62.7 -6.89) (size 4 4) (drill 2.7) (layers *.Cu *.Mask))
    (pad "" thru_hole circle (at 62.7 27.21) (size 4 4) (drill 2.7) (layers *.Cu *.Mask))
    (pad "" thru_hole circle (at 1.5 27.21) (size 4 4) (drill 2.7) (layers *.Cu *.Mask))
    (model ${KISYS3DMOD}/Display.3dshapes/CR2013-MI2120.wrl
      (at (xyz 0 0 0))
      (scale (xyz 1 1 1))
      (rotate (xyz 0 0 0))
    )
  )

  (module Button_Switch_THT:SW_MEC_5GTH9 (layer F.Cu) (tedit 5B8669AC) (tstamp 610E9F53)
    (at 62.62 53.56)
    (descr "MEC 5G single pole normally-open tactile switch https://cdn.sos.sk/productdata/80/f6/aabf7be6/5gth9358222.pdf")
    (tags "switch normally-open pushbutton push-button")
    (path /611353D7/61111764)
    (fp_text reference SW301 (at 0.475 -1.85 180) (layer F.SilkS)
      (effects (font (size 1 1) (thickness 0.15)))
    )
    (fp_text value SW_MEC_5E (at 3.8 13 180) (layer F.Fab)
      (effects (font (size 1 1) (thickness 0.15)))
    )
    (fp_line (start -1.49 -1.15) (end 9.11 -1.15) (layer F.CrtYd) (width 0.05))
    (fp_line (start 9.11 -1.15) (end 9.11 11.31) (layer F.CrtYd) (width 0.05))
    (fp_line (start 9.11 11.31) (end -1.49 11.31) (layer F.CrtYd) (width 0.05))
    (fp_line (start -1.49 11.3) (end -1.49 -1.15) (layer F.CrtYd) (width 0.05))
    (fp_line (start 8.97 0.04) (end 8.97 10.12) (layer F.SilkS) (width 0.12))
    (fp_line (start 1.16 10.24) (end 6.46 10.24) (layer F.SilkS) (width 0.12))
    (fp_line (start 6.46 -0.08) (end 3.81 -0.08) (layer F.SilkS) (width 0.12))
    (fp_line (start -1.24 10.13) (end -1.24 1.03) (layer F.Fab) (width 0.1))
    (fp_line (start -0.24 0.03) (end 8.86 0.03) (layer F.Fab) (width 0.1))
    (fp_line (start 8.86 0.03) (end 8.86 10.13) (layer F.Fab) (width 0.1))
    (fp_line (start 8.86 10.13) (end -1.240004 10.13) (layer F.Fab) (width 0.1))
    (fp_line (start -1.35 -0.9) (end -1.35 10.11) (layer F.SilkS) (width 0.12))
    (fp_line (start -0.24 0.03) (end -1.24 1.03) (layer F.Fab) (width 0.1))
    (fp_text user %R (at 3.76 5.03 180) (layer F.Fab)
      (effects (font (size 1 1) (thickness 0.15)))
    )
    (pad 2 thru_hole circle (at 7.62 0 90) (size 1.8 1.8) (drill 0.9) (layers *.Cu *.Mask)
      (net 23 "Net-(IOExt301-Pad4)"))
    (pad 2 thru_hole circle (at 7.62 10.16 90) (size 1.8 1.8) (drill 0.9) (layers *.Cu *.Mask)
      (net 23 "Net-(IOExt301-Pad4)"))
    (pad 1 thru_hole rect (at 0 0 90) (size 1.8 1.8) (drill 0.9) (layers *.Cu *.Mask)
      (net 23 "Net-(IOExt301-Pad4)"))
    (pad 1 thru_hole circle (at 0 10.16 90) (size 1.8 1.8) (drill 0.9) (layers *.Cu *.Mask)
      (net 23 "Net-(IOExt301-Pad4)"))
    (model ${KISYS3DMOD}/Button_Switch_THT.3dshapes/SW_MEC_5GTH9.wrl
      (at (xyz 0 0 0))
      (scale (xyz 1 1 1))
      (rotate (xyz 0 0 0))
    )
  )

  (module Button_Switch_THT:SW_MEC_5GTH9 (layer F.Cu) (tedit 5B8669AC) (tstamp 610EFD11)
    (at 199.78 53.56)
    (descr "MEC 5G single pole normally-open tactile switch https://cdn.sos.sk/productdata/80/f6/aabf7be6/5gth9358222.pdf")
    (tags "switch normally-open pushbutton push-button")
    (path /611353D7/6111177C)
    (fp_text reference SW302 (at 0.475 -1.85 180) (layer F.SilkS)
      (effects (font (size 1 1) (thickness 0.15)))
    )
    (fp_text value SW_MEC_5E (at 3.8 13 180) (layer F.Fab)
      (effects (font (size 1 1) (thickness 0.15)))
    )
    (fp_line (start -0.24 0.03) (end -1.24 1.03) (layer F.Fab) (width 0.1))
    (fp_line (start -1.35 -0.9) (end -1.35 10.11) (layer F.SilkS) (width 0.12))
    (fp_line (start 8.86 10.13) (end -1.240004 10.13) (layer F.Fab) (width 0.1))
    (fp_line (start 8.86 0.03) (end 8.86 10.13) (layer F.Fab) (width 0.1))
    (fp_line (start -0.24 0.03) (end 8.86 0.03) (layer F.Fab) (width 0.1))
    (fp_line (start -1.24 10.13) (end -1.24 1.03) (layer F.Fab) (width 0.1))
    (fp_line (start 6.46 -0.08) (end 3.81 -0.08) (layer F.SilkS) (width 0.12))
    (fp_line (start 1.16 10.24) (end 6.46 10.24) (layer F.SilkS) (width 0.12))
    (fp_line (start 8.97 0.04) (end 8.97 10.12) (layer F.SilkS) (width 0.12))
    (fp_line (start -1.49 11.3) (end -1.49 -1.15) (layer F.CrtYd) (width 0.05))
    (fp_line (start 9.11 11.31) (end -1.49 11.31) (layer F.CrtYd) (width 0.05))
    (fp_line (start 9.11 -1.15) (end 9.11 11.31) (layer F.CrtYd) (width 0.05))
    (fp_line (start -1.49 -1.15) (end 9.11 -1.15) (layer F.CrtYd) (width 0.05))
    (fp_text user %R (at 3.76 5.03 180) (layer F.Fab)
      (effects (font (size 1 1) (thickness 0.15)))
    )
    (pad 1 thru_hole circle (at 0 10.16 90) (size 1.8 1.8) (drill 0.9) (layers *.Cu *.Mask)
      (net 24 "Net-(IOExt301-Pad5)"))
    (pad 1 thru_hole rect (at 0 0 90) (size 1.8 1.8) (drill 0.9) (layers *.Cu *.Mask)
      (net 24 "Net-(IOExt301-Pad5)"))
    (pad 2 thru_hole circle (at 7.62 10.16 90) (size 1.8 1.8) (drill 0.9) (layers *.Cu *.Mask)
      (net 24 "Net-(IOExt301-Pad5)"))
    (pad 2 thru_hole circle (at 7.62 0 90) (size 1.8 1.8) (drill 0.9) (layers *.Cu *.Mask)
      (net 24 "Net-(IOExt301-Pad5)"))
    (model ${KISYS3DMOD}/Button_Switch_THT.3dshapes/SW_MEC_5GTH9.wrl
      (at (xyz 0 0 0))
      (scale (xyz 1 1 1))
      (rotate (xyz 0 0 0))
    )
  )

  (module Button_Switch_THT:SW_MEC_5GTH9 (layer F.Cu) (tedit 5B8669AC) (tstamp 610EFD27)
    (at 62.62 71.34)
    (descr "MEC 5G single pole normally-open tactile switch https://cdn.sos.sk/productdata/80/f6/aabf7be6/5gth9358222.pdf")
    (tags "switch normally-open pushbutton push-button")
    (path /611353D7/6111176A)
    (fp_text reference SW303 (at 0.475 -1.85 180) (layer F.SilkS)
      (effects (font (size 1 1) (thickness 0.15)))
    )
    (fp_text value SW_MEC_5E (at 3.8 13 180) (layer F.Fab)
      (effects (font (size 1 1) (thickness 0.15)))
    )
    (fp_line (start -1.49 -1.15) (end 9.11 -1.15) (layer F.CrtYd) (width 0.05))
    (fp_line (start 9.11 -1.15) (end 9.11 11.31) (layer F.CrtYd) (width 0.05))
    (fp_line (start 9.11 11.31) (end -1.49 11.31) (layer F.CrtYd) (width 0.05))
    (fp_line (start -1.49 11.3) (end -1.49 -1.15) (layer F.CrtYd) (width 0.05))
    (fp_line (start 8.97 0.04) (end 8.97 10.12) (layer F.SilkS) (width 0.12))
    (fp_line (start 1.16 10.24) (end 6.46 10.24) (layer F.SilkS) (width 0.12))
    (fp_line (start 6.46 -0.08) (end 3.81 -0.08) (layer F.SilkS) (width 0.12))
    (fp_line (start -1.24 10.13) (end -1.24 1.03) (layer F.Fab) (width 0.1))
    (fp_line (start -0.24 0.03) (end 8.86 0.03) (layer F.Fab) (width 0.1))
    (fp_line (start 8.86 0.03) (end 8.86 10.13) (layer F.Fab) (width 0.1))
    (fp_line (start 8.86 10.13) (end -1.240004 10.13) (layer F.Fab) (width 0.1))
    (fp_line (start -1.35 -0.9) (end -1.35 10.11) (layer F.SilkS) (width 0.12))
    (fp_line (start -0.24 0.03) (end -1.24 1.03) (layer F.Fab) (width 0.1))
    (fp_text user %R (at 3.76 5.03 180) (layer F.Fab)
      (effects (font (size 1 1) (thickness 0.15)))
    )
    (pad 2 thru_hole circle (at 7.62 0 90) (size 1.8 1.8) (drill 0.9) (layers *.Cu *.Mask)
      (net 25 "Net-(IOExt301-Pad6)"))
    (pad 2 thru_hole circle (at 7.62 10.16 90) (size 1.8 1.8) (drill 0.9) (layers *.Cu *.Mask)
      (net 25 "Net-(IOExt301-Pad6)"))
    (pad 1 thru_hole rect (at 0 0 90) (size 1.8 1.8) (drill 0.9) (layers *.Cu *.Mask)
      (net 25 "Net-(IOExt301-Pad6)"))
    (pad 1 thru_hole circle (at 0 10.16 90) (size 1.8 1.8) (drill 0.9) (layers *.Cu *.Mask)
      (net 25 "Net-(IOExt301-Pad6)"))
    (model ${KISYS3DMOD}/Button_Switch_THT.3dshapes/SW_MEC_5GTH9.wrl
      (at (xyz 0 0 0))
      (scale (xyz 1 1 1))
      (rotate (xyz 0 0 0))
    )
  )

  (module Button_Switch_THT:SW_MEC_5GTH9 (layer F.Cu) (tedit 5B8669AC) (tstamp 610EFD3D)
    (at 76.59 66.26)
    (descr "MEC 5G single pole normally-open tactile switch https://cdn.sos.sk/productdata/80/f6/aabf7be6/5gth9358222.pdf")
    (tags "switch normally-open pushbutton push-button")
    (path /611353D7/61111782)
    (fp_text reference SW304 (at 0.475 -1.85 180) (layer F.SilkS)
      (effects (font (size 1 1) (thickness 0.15)))
    )
    (fp_text value SW_MEC_5E (at 3.8 13 180) (layer F.Fab)
      (effects (font (size 1 1) (thickness 0.15)))
    )
    (fp_line (start -1.49 -1.15) (end 9.11 -1.15) (layer F.CrtYd) (width 0.05))
    (fp_line (start 9.11 -1.15) (end 9.11 11.31) (layer F.CrtYd) (width 0.05))
    (fp_line (start 9.11 11.31) (end -1.49 11.31) (layer F.CrtYd) (width 0.05))
    (fp_line (start -1.49 11.3) (end -1.49 -1.15) (layer F.CrtYd) (width 0.05))
    (fp_line (start 8.97 0.04) (end 8.97 10.12) (layer F.SilkS) (width 0.12))
    (fp_line (start 1.16 10.24) (end 6.46 10.24) (layer F.SilkS) (width 0.12))
    (fp_line (start 6.46 -0.08) (end 3.81 -0.08) (layer F.SilkS) (width 0.12))
    (fp_line (start -1.24 10.13) (end -1.24 1.03) (layer F.Fab) (width 0.1))
    (fp_line (start -0.24 0.03) (end 8.86 0.03) (layer F.Fab) (width 0.1))
    (fp_line (start 8.86 0.03) (end 8.86 10.13) (layer F.Fab) (width 0.1))
    (fp_line (start 8.86 10.13) (end -1.240004 10.13) (layer F.Fab) (width 0.1))
    (fp_line (start -1.35 -0.9) (end -1.35 10.11) (layer F.SilkS) (width 0.12))
    (fp_line (start -0.24 0.03) (end -1.24 1.03) (layer F.Fab) (width 0.1))
    (fp_text user %R (at 3.76 5.03 180) (layer F.Fab)
      (effects (font (size 1 1) (thickness 0.15)))
    )
    (pad 2 thru_hole circle (at 7.62 0 90) (size 1.8 1.8) (drill 0.9) (layers *.Cu *.Mask)
      (net 26 "Net-(IOExt301-Pad7)"))
    (pad 2 thru_hole circle (at 7.62 10.16 90) (size 1.8 1.8) (drill 0.9) (layers *.Cu *.Mask)
      (net 26 "Net-(IOExt301-Pad7)"))
    (pad 1 thru_hole rect (at 0 0 90) (size 1.8 1.8) (drill 0.9) (layers *.Cu *.Mask)
      (net 26 "Net-(IOExt301-Pad7)"))
    (pad 1 thru_hole circle (at 0 10.16 90) (size 1.8 1.8) (drill 0.9) (layers *.Cu *.Mask)
      (net 26 "Net-(IOExt301-Pad7)"))
    (model ${KISYS3DMOD}/Button_Switch_THT.3dshapes/SW_MEC_5GTH9.wrl
      (at (xyz 0 0 0))
      (scale (xyz 1 1 1))
      (rotate (xyz 0 0 0))
    )
  )

  (module Button_Switch_THT:SW_MEC_5GTH9 (layer F.Cu) (tedit 5B8669AC) (tstamp 610EFD53)
    (at 185.81 66.26)
    (descr "MEC 5G single pole normally-open tactile switch https://cdn.sos.sk/productdata/80/f6/aabf7be6/5gth9358222.pdf")
    (tags "switch normally-open pushbutton push-button")
    (path /611353D7/61111770)
    (fp_text reference SW305 (at 0.475 -1.85 180) (layer F.SilkS)
      (effects (font (size 1 1) (thickness 0.15)))
    )
    (fp_text value SW_MEC_5E (at 3.8 13 180) (layer F.Fab)
      (effects (font (size 1 1) (thickness 0.15)))
    )
    (fp_line (start -0.24 0.03) (end -1.24 1.03) (layer F.Fab) (width 0.1))
    (fp_line (start -1.35 -0.9) (end -1.35 10.11) (layer F.SilkS) (width 0.12))
    (fp_line (start 8.86 10.13) (end -1.240004 10.13) (layer F.Fab) (width 0.1))
    (fp_line (start 8.86 0.03) (end 8.86 10.13) (layer F.Fab) (width 0.1))
    (fp_line (start -0.24 0.03) (end 8.86 0.03) (layer F.Fab) (width 0.1))
    (fp_line (start -1.24 10.13) (end -1.24 1.03) (layer F.Fab) (width 0.1))
    (fp_line (start 6.46 -0.08) (end 3.81 -0.08) (layer F.SilkS) (width 0.12))
    (fp_line (start 1.16 10.24) (end 6.46 10.24) (layer F.SilkS) (width 0.12))
    (fp_line (start 8.97 0.04) (end 8.97 10.12) (layer F.SilkS) (width 0.12))
    (fp_line (start -1.49 11.3) (end -1.49 -1.15) (layer F.CrtYd) (width 0.05))
    (fp_line (start 9.11 11.31) (end -1.49 11.31) (layer F.CrtYd) (width 0.05))
    (fp_line (start 9.11 -1.15) (end 9.11 11.31) (layer F.CrtYd) (width 0.05))
    (fp_line (start -1.49 -1.15) (end 9.11 -1.15) (layer F.CrtYd) (width 0.05))
    (fp_text user %R (at 3.76 5.03 180) (layer F.Fab)
      (effects (font (size 1 1) (thickness 0.15)))
    )
    (pad 1 thru_hole circle (at 0 10.16 90) (size 1.8 1.8) (drill 0.9) (layers *.Cu *.Mask)
      (net 27 "Net-(IOExt301-Pad9)"))
    (pad 1 thru_hole rect (at 0 0 90) (size 1.8 1.8) (drill 0.9) (layers *.Cu *.Mask)
      (net 27 "Net-(IOExt301-Pad9)"))
    (pad 2 thru_hole circle (at 7.62 10.16 90) (size 1.8 1.8) (drill 0.9) (layers *.Cu *.Mask)
      (net 27 "Net-(IOExt301-Pad9)"))
    (pad 2 thru_hole circle (at 7.62 0 90) (size 1.8 1.8) (drill 0.9) (layers *.Cu *.Mask)
      (net 27 "Net-(IOExt301-Pad9)"))
    (model ${KISYS3DMOD}/Button_Switch_THT.3dshapes/SW_MEC_5GTH9.wrl
      (at (xyz 0 0 0))
      (scale (xyz 1 1 1))
      (rotate (xyz 0 0 0))
    )
  )

  (module Button_Switch_THT:SW_MEC_5GTH9 (layer F.Cu) (tedit 5B8669AC) (tstamp 610EFD69)
    (at 199.78 71.34)
    (descr "MEC 5G single pole normally-open tactile switch https://cdn.sos.sk/productdata/80/f6/aabf7be6/5gth9358222.pdf")
    (tags "switch normally-open pushbutton push-button")
    (path /611353D7/61111788)
    (fp_text reference SW306 (at 0.475 -1.85 180) (layer F.SilkS)
      (effects (font (size 1 1) (thickness 0.15)))
    )
    (fp_text value SW_MEC_5E (at 3.8 13 180) (layer F.Fab)
      (effects (font (size 1 1) (thickness 0.15)))
    )
    (fp_line (start -0.24 0.03) (end -1.24 1.03) (layer F.Fab) (width 0.1))
    (fp_line (start -1.35 -0.9) (end -1.35 10.11) (layer F.SilkS) (width 0.12))
    (fp_line (start 8.86 10.13) (end -1.240004 10.13) (layer F.Fab) (width 0.1))
    (fp_line (start 8.86 0.03) (end 8.86 10.13) (layer F.Fab) (width 0.1))
    (fp_line (start -0.24 0.03) (end 8.86 0.03) (layer F.Fab) (width 0.1))
    (fp_line (start -1.24 10.13) (end -1.24 1.03) (layer F.Fab) (width 0.1))
    (fp_line (start 6.46 -0.08) (end 3.81 -0.08) (layer F.SilkS) (width 0.12))
    (fp_line (start 1.16 10.24) (end 6.46 10.24) (layer F.SilkS) (width 0.12))
    (fp_line (start 8.97 0.04) (end 8.97 10.12) (layer F.SilkS) (width 0.12))
    (fp_line (start -1.49 11.3) (end -1.49 -1.15) (layer F.CrtYd) (width 0.05))
    (fp_line (start 9.11 11.31) (end -1.49 11.31) (layer F.CrtYd) (width 0.05))
    (fp_line (start 9.11 -1.15) (end 9.11 11.31) (layer F.CrtYd) (width 0.05))
    (fp_line (start -1.49 -1.15) (end 9.11 -1.15) (layer F.CrtYd) (width 0.05))
    (fp_text user %R (at 3.76 5.03 180) (layer F.Fab)
      (effects (font (size 1 1) (thickness 0.15)))
    )
    (pad 1 thru_hole circle (at 0 10.16 90) (size 1.8 1.8) (drill 0.9) (layers *.Cu *.Mask)
      (net 28 "Net-(IOExt301-Pad10)"))
    (pad 1 thru_hole rect (at 0 0 90) (size 1.8 1.8) (drill 0.9) (layers *.Cu *.Mask)
      (net 28 "Net-(IOExt301-Pad10)"))
    (pad 2 thru_hole circle (at 7.62 10.16 90) (size 1.8 1.8) (drill 0.9) (layers *.Cu *.Mask)
      (net 28 "Net-(IOExt301-Pad10)"))
    (pad 2 thru_hole circle (at 7.62 0 90) (size 1.8 1.8) (drill 0.9) (layers *.Cu *.Mask)
      (net 28 "Net-(IOExt301-Pad10)"))
    (model ${KISYS3DMOD}/Button_Switch_THT.3dshapes/SW_MEC_5GTH9.wrl
      (at (xyz 0 0 0))
      (scale (xyz 1 1 1))
      (rotate (xyz 0 0 0))
    )
  )

  (module Button_Switch_THT:SW_MEC_5GTH9 (layer F.Cu) (tedit 5B8669AC) (tstamp 610F01A2)
    (at 62.62 129.76)
    (descr "MEC 5G single pole normally-open tactile switch https://cdn.sos.sk/productdata/80/f6/aabf7be6/5gth9358222.pdf")
    (tags "switch normally-open pushbutton push-button")
    (path /611353D7/61111776)
    (fp_text reference SW307 (at 0.475 -1.85 180) (layer F.SilkS)
      (effects (font (size 1 1) (thickness 0.15)))
    )
    (fp_text value SW_MEC_5E (at 3.8 13 180) (layer F.Fab)
      (effects (font (size 1 1) (thickness 0.15)))
    )
    (fp_line (start -1.49 -1.15) (end 9.11 -1.15) (layer F.CrtYd) (width 0.05))
    (fp_line (start 9.11 -1.15) (end 9.11 11.31) (layer F.CrtYd) (width 0.05))
    (fp_line (start 9.11 11.31) (end -1.49 11.31) (layer F.CrtYd) (width 0.05))
    (fp_line (start -1.49 11.3) (end -1.49 -1.15) (layer F.CrtYd) (width 0.05))
    (fp_line (start 8.97 0.04) (end 8.97 10.12) (layer F.SilkS) (width 0.12))
    (fp_line (start 1.16 10.24) (end 6.46 10.24) (layer F.SilkS) (width 0.12))
    (fp_line (start 6.46 -0.08) (end 3.81 -0.08) (layer F.SilkS) (width 0.12))
    (fp_line (start -1.24 10.13) (end -1.24 1.03) (layer F.Fab) (width 0.1))
    (fp_line (start -0.24 0.03) (end 8.86 0.03) (layer F.Fab) (width 0.1))
    (fp_line (start 8.86 0.03) (end 8.86 10.13) (layer F.Fab) (width 0.1))
    (fp_line (start 8.86 10.13) (end -1.240004 10.13) (layer F.Fab) (width 0.1))
    (fp_line (start -1.35 -0.9) (end -1.35 10.11) (layer F.SilkS) (width 0.12))
    (fp_line (start -0.24 0.03) (end -1.24 1.03) (layer F.Fab) (width 0.1))
    (fp_text user %R (at 3.76 5.03 180) (layer F.Fab)
      (effects (font (size 1 1) (thickness 0.15)))
    )
    (pad 2 thru_hole circle (at 7.62 0 90) (size 1.8 1.8) (drill 0.9) (layers *.Cu *.Mask)
      (net 29 "Net-(IOExt301-Pad11)"))
    (pad 2 thru_hole circle (at 7.62 10.16 90) (size 1.8 1.8) (drill 0.9) (layers *.Cu *.Mask)
      (net 29 "Net-(IOExt301-Pad11)"))
    (pad 1 thru_hole rect (at 0 0 90) (size 1.8 1.8) (drill 0.9) (layers *.Cu *.Mask)
      (net 29 "Net-(IOExt301-Pad11)"))
    (pad 1 thru_hole circle (at 0 10.16 90) (size 1.8 1.8) (drill 0.9) (layers *.Cu *.Mask)
      (net 29 "Net-(IOExt301-Pad11)"))
    (model ${KISYS3DMOD}/Button_Switch_THT.3dshapes/SW_MEC_5GTH9.wrl
      (at (xyz 0 0 0))
      (scale (xyz 1 1 1))
      (rotate (xyz 0 0 0))
    )
  )

  (module Button_Switch_THT:SW_MEC_5GTH9 (layer F.Cu) (tedit 5B8669AC) (tstamp 610EFD95)
    (at 199.78 129.76)
    (descr "MEC 5G single pole normally-open tactile switch https://cdn.sos.sk/productdata/80/f6/aabf7be6/5gth9358222.pdf")
    (tags "switch normally-open pushbutton push-button")
    (path /611353D7/611117AA)
    (fp_text reference SW308 (at 0.475 -1.85 180) (layer F.SilkS)
      (effects (font (size 1 1) (thickness 0.15)))
    )
    (fp_text value SW_MEC_5E (at 3.8 13 180) (layer F.Fab)
      (effects (font (size 1 1) (thickness 0.15)))
    )
    (fp_line (start -1.49 -1.15) (end 9.11 -1.15) (layer F.CrtYd) (width 0.05))
    (fp_line (start 9.11 -1.15) (end 9.11 11.31) (layer F.CrtYd) (width 0.05))
    (fp_line (start 9.11 11.31) (end -1.49 11.31) (layer F.CrtYd) (width 0.05))
    (fp_line (start -1.49 11.3) (end -1.49 -1.15) (layer F.CrtYd) (width 0.05))
    (fp_line (start 8.97 0.04) (end 8.97 10.12) (layer F.SilkS) (width 0.12))
    (fp_line (start 1.16 10.24) (end 6.46 10.24) (layer F.SilkS) (width 0.12))
    (fp_line (start 6.46 -0.08) (end 3.81 -0.08) (layer F.SilkS) (width 0.12))
    (fp_line (start -1.24 10.13) (end -1.24 1.03) (layer F.Fab) (width 0.1))
    (fp_line (start -0.24 0.03) (end 8.86 0.03) (layer F.Fab) (width 0.1))
    (fp_line (start 8.86 0.03) (end 8.86 10.13) (layer F.Fab) (width 0.1))
    (fp_line (start 8.86 10.13) (end -1.240004 10.13) (layer F.Fab) (width 0.1))
    (fp_line (start -1.35 -0.9) (end -1.35 10.11) (layer F.SilkS) (width 0.12))
    (fp_line (start -0.24 0.03) (end -1.24 1.03) (layer F.Fab) (width 0.1))
    (fp_text user %R (at 3.76 5.03 180) (layer F.Fab)
      (effects (font (size 1 1) (thickness 0.15)))
    )
    (pad 2 thru_hole circle (at 7.62 0 90) (size 1.8 1.8) (drill 0.9) (layers *.Cu *.Mask)
      (net 30 "Net-(IOExt301-Pad12)"))
    (pad 2 thru_hole circle (at 7.62 10.16 90) (size 1.8 1.8) (drill 0.9) (layers *.Cu *.Mask)
      (net 30 "Net-(IOExt301-Pad12)"))
    (pad 1 thru_hole rect (at 0 0 90) (size 1.8 1.8) (drill 0.9) (layers *.Cu *.Mask)
      (net 30 "Net-(IOExt301-Pad12)"))
    (pad 1 thru_hole circle (at 0 10.16 90) (size 1.8 1.8) (drill 0.9) (layers *.Cu *.Mask)
      (net 30 "Net-(IOExt301-Pad12)"))
    (model ${KISYS3DMOD}/Button_Switch_THT.3dshapes/SW_MEC_5GTH9.wrl
      (at (xyz 0 0 0))
      (scale (xyz 1 1 1))
      (rotate (xyz 0 0 0))
    )
  )

  (dimension 3.81 (width 0.15) (layer Dwgs.User)
    (gr_text "3.810 mm" (at 48.62 47.845 90) (layer Dwgs.User)
      (effects (font (size 1 1) (thickness 0.15)))
    )
    (feature1 (pts (xy 84.21 45.94) (xy 49.333579 45.94)))
    (feature2 (pts (xy 84.21 49.75) (xy 49.333579 49.75)))
    (crossbar (pts (xy 49.92 49.75) (xy 49.92 45.94)))
    (arrow1a (pts (xy 49.92 45.94) (xy 50.506421 47.066504)))
    (arrow1b (pts (xy 49.92 45.94) (xy 49.333579 47.066504)))
    (arrow2a (pts (xy 49.92 49.75) (xy 50.506421 48.623496)))
    (arrow2b (pts (xy 49.92 49.75) (xy 49.333579 48.623496)))
  )
  (dimension 29.21 (width 0.15) (layer Dwgs.User)
    (gr_text "29.210 mm" (at 69.605 35.750001) (layer Dwgs.User)
      (effects (font (size 1 1) (thickness 0.15)))
    )
    (feature1 (pts (xy 55 49.75) (xy 55 36.46358)))
    (feature2 (pts (xy 84.21 49.75) (xy 84.21 36.46358)))
    (crossbar (pts (xy 84.21 37.050001) (xy 55 37.050001)))
    (arrow1a (pts (xy 55 37.050001) (xy 56.126504 36.46358)))
    (arrow1b (pts (xy 55 37.050001) (xy 56.126504 37.636422)))
    (arrow2a (pts (xy 84.21 37.050001) (xy 83.083496 36.46358)))
    (arrow2b (pts (xy 84.21 37.050001) (xy 83.083496 37.636422)))
  )
  (gr_circle (center 84.21 49.75) (end 84.21 48.48) (layer Dwgs.User) (width 0.15))
  (gr_line (start 55 145) (end 214.85 145) (angle 90) (layer Edge.Cuts) (width 0.15))
  (gr_line (start 55 45.15) (end 55 145) (angle 90) (layer Edge.Cuts) (width 0.15))
  (gr_line (start 214.84 45.15) (end 55 45.15) (angle 90) (layer Edge.Cuts) (width 0.15))
  (gr_line (start 214.85 145) (end 214.85 45.15) (angle 90) (layer Edge.Cuts) (width 0.15))

)
